Table 1: Demographic and Clinical Characteristics - Obj_1_AF_vs_general_population for onscoviddeath
	Total	0	1

1	  563,145 (100.0)	  511,361 (100.0)	   51,784 (100.0)

Grouped age
1	    1,373 (0.2)	    1,247 (0.2)	      126 (0.2)
2	    8,244 (1.5)	    7,491 (1.5)	      753 (1.5)
3	   50,742 (9.0)	   46,100 (9.0)	    4,642 (9.0)
4	  171,527 (30.5)	  155,854 (30.5)	   15,673 (30.3)
5	  246,436 (43.8)	  223,949 (43.8)	   22,487 (43.4)
6	   84,823 (15.1)	   76,720 (15.0)	    8,103 (15.6)

Male
0	  118,263 (21.0)	  107,444 (21.0)	   10,819 (20.9)
1	  444,882 (79.0)	  403,917 (79.0)	   40,965 (79.1)

Grouped BMI
1	    5,614 (1.0)	    5,118 (1.0)	      496 (1.0)
2	  144,699 (25.7)	  133,032 (26.0)	   11,667 (22.5)
3	  216,442 (38.4)	  198,691 (38.9)	   17,751 (34.3)
4	  106,336 (18.9)	   95,352 (18.6)	   10,984 (21.2)
5	   34,238 (6.1)	   29,518 (5.8)	    4,720 (9.1)
6	   13,873 (2.5)	   11,022 (2.2)	    2,851 (5.5)
.	   41,943 (7.4)	   38,628 (7.6)	    3,315 (6.4)

Smoking status
1	  201,394 (35.8)	  182,618 (35.7)	   18,776 (36.3)
2	  302,684 (53.7)	  273,612 (53.5)	   29,072 (56.1)
3	   57,824 (10.3)	   53,977 (10.6)	    3,847 (7.4)
.	    1,243 (0.2)	    1,154 (0.2)	       89 (0.2)

Ethnicity
1	  413,026 (73.3)	  375,297 (73.4)	   37,729 (72.9)
2	    1,737 (0.3)	    1,635 (0.3)	      102 (0.2)
3	   11,481 (2.0)	   10,975 (2.1)	      506 (1.0)
4	    4,221 (0.7)	    4,039 (0.8)	      182 (0.4)
5	    3,297 (0.6)	    3,080 (0.6)	      217 (0.4)
.	  129,383 (23.0)	  116,335 (22.8)	   13,048 (25.2)

Index of Multiple Deprivation (IMD)
1	  113,662 (20.2)	  102,420 (20.0)	   11,242 (21.7)
2	  114,534 (20.3)	  103,620 (20.3)	   10,914 (21.1)
3	  112,302 (19.9)	  101,931 (19.9)	   10,371 (20.0)
4	  111,686 (19.8)	  101,868 (19.9)	    9,818 (19.0)
5	  110,961 (19.7)	  101,522 (19.9)	    9,439 (18.2)
.	        0 (0.0)	        0 (0.0)	        0 (0.0)

Diabetes Severity
1	  446,350 (79.3)	  400,918 (78.4)	   45,432 (87.7)
2	   80,954 (14.4)	   76,745 (15.0)	    4,209 (8.1)
3	   34,462 (6.1)	   32,389 (6.3)	    2,073 (4.0)
4	    1,379 (0.2)	    1,309 (0.3)	       70 (0.1)
.	        0 (0.0)	        0 (0.0)	        0 (0.0)

Diagnosed hypertension
1	  271,496 (48.2)	  249,883 (48.9)	   21,613 (41.7)
Heart Failure
1	   21,387 (3.8)	   15,817 (3.1)	    5,570 (10.8)
Diabetes
1	  116,795 (20.7)	  110,443 (21.6)	    6,352 (12.3)
COPD
1	   49,626 (8.8)	   44,475 (8.7)	    5,151 (9.9)
Other Respiratory Diseases
1	   18,683 (3.3)	   16,602 (3.2)	    2,081 (4.0)
Cancer
1	   78,579 (14.0)	   70,747 (13.8)	    7,832 (15.1)
Immunosuppressed (combination algorithm)
1	    3,941 (0.7)	    3,507 (0.7)	      434 (0.8)
Chronic kidney disease
1	   73,788 (13.1)	   65,497 (12.8)	    8,291 (16.0)
Flu vaccine
1	  374,976 (66.6)	  335,861 (65.7)	   39,115 (75.5)
Recent Oestrogen
1	    4,559 (0.8)	    4,207 (0.8)	      352 (0.7)
Recent antiplatelet
1	  107,650 (19.1)	  105,386 (20.6)	    2,264 (4.4)
Myocardial infarction
1	   33,984 (6.0)	   32,387 (6.3)	    1,597 (3.1)
Peripheral arterial disease
1	   14,881 (2.6)	   14,462 (2.8)	      419 (0.8)
Stroke/Transient ischaemic attack
1	   37,207 (6.6)	   36,184 (7.1)	    1,023 (2.0)
Venous thromboembolism
1	   13,492 (2.4)	   12,948 (2.5)	      544 (1.1)
Stroke
1	   26,289 (4.7)	   25,562 (5.0)	      727 (1.4)
Transient ischaemic attack
1	   21,389 (3.8)	   20,870 (4.1)	      519 (1.0)
Recent NSAID
1	   28,700 (5.1)	   27,787 (5.4)	      913 (1.8)
Recent aspirin
1	   80,442 (14.3)	   78,807 (15.4)	    1,635 (3.2)
Hazardous alcohol use
1	   62,206 (11.0)	   55,771 (10.9)	    6,435 (12.4)


GP consultation count
Median (IQR)	6 (3-11)	6 (3-11)	10 (5-16)
Min, Max	0, 386	1, 386	0, 198
Age (years)
Median (IQR)	71 (66-75)	71 (66-75)	71 (66-75)
Min, Max	18, 101	18, 101	18, 100
A&E attendance count
Median (IQR)	0 (0-0)	0 (0-0)	0 (0-1)
Min, Max	0, 70	0, 70	0, 54
Recent record of HAS-BLED score
Median (IQR)	1 (1-2)	2 (1-2)	1 (1-2)
Min, Max	0, 5	0, 4	0, 5
Ever record of HAS-BLED score in 10 years
Median (IQR)	1 (1-2)	2 (1-2)	1 (1-2)
Min, Max	0, 9	0, 5	0, 9
